failed
function mpc = case300_tree

%% MATPOWER Case Format : Version 2
mpc.version = '2';

%%-----  Power Flow Data  -----%%
%% system MVA base
mpc.baseMVA = 1;

%% bus data
%	bus_i	type	Pd	Qd	Gs	Bs	area	Vm	Va	baseKV	zone	Vmax	Vmin
mpc.bus = [
	1	1	90	49	0	0	1	0.960019581	-55.8532299	115	1	1.06	0.94;
	2	1	56	15	0	0	1	1.03348344	-19.1978185	115	1	1.06	0.94;
	3	1	20	0	0	0	1	0.779502269	-54.268205	230	1	1.06	0.94;
	4	1	0	0	0	0	1	0.715072543	-50.2973037	345	1	1.06	0.94;
	5	1	353	130	0	0	1	0.932825358	-57.0602064	115	1	1.06	0.94;
	6	1	120	41	0	0	1	1.02868042	-19.7577838	115	1	1.06	0.94;
	7	1	0	0	0	0	1	0.813407906	-54.942909	230	1	1.06	0.94;
	8	2	63	14	0	0	1	1.0153	-25.7580058	115	1	1.06	0.94;
	9	1	96	43	0	0	1	0.912435719	-58.7606675	115	1	1.06	0.94;
	10	2	153	33	0	0	1	1.0205	-61.7793954	230	1	1.06	0.94;
	11	1	83	21	0	0	1	1.00976591	-60.5192316	115	1	1.06	0.94;
	12	1	0	0	0	0	1	0.895548841	-56.7657095	230	1	1.06	0.94;
	13	1	58	10	0	0	1	0.999533947	-63.4407992	115	1	1.06	0.94;
	14	1	160	60	0	0	1	0.855820728	-33.6004424	115	1	1.06	0.94;
	15	1	126.7	23	0	0	1	0.7599062	-38.8149992	115	1	1.06	0.94;
	16	1	0	0	0	0	1	0.45189422	-27.6340026	345	1	1.06	0.94;
	17	1	561	220	0	0	1	0.954383709	-53.1161411	115	1	1.06	0.94;
	19	1	0	0	0	0	1	0.86140296	173.379215	230	1	1.06	0.94;
	20	2	605	120	0	0	1	1.001	-65.2819021	115	1	1.06	0.94;
	21	1	77	1	0	0	1	0.92862895	-61.0529932	230	1	1.06	0.94;
	22	1	81	23	0	0	1	0.959400163	-63.9420898	115	1	1.06	0.94;
	23	1	21	7	0	0	1	1.0331128	-59.4314322	115	1	1.06	0.94;
	24	1	0	0	0	0	1	0.981796964	-56.7840156	230	1	1.06	0.94;
	25	1	45	12	0	0	1	0.987474574	-62.3512195	115	1	1.06	0.94;
	26	1	28	9	0	0	1	0.932127275	-66.4902395	115	1	1.06	0.94;
	27	1	69	13	0	0	1	0.874629029	-71.9062437	115	1	1.06	0.94;
	33	1	55	6	0	0	1	0.0939383084	-3.93449391	115	1	1.06	0.94;
	34	1	0	0	0	0	1	0.150618223	16.3110651	345	1	1.06	0.94;
	35	1	0	0	0	0	1	0.935549486	-13.9993923	115	1	1.06	0.94;
	36	1	0	0	0	0	1	0.8340668	-10.9193426	230	1	1.06	0.94;
	37	1	85	32	0	0	1	0.858468159	-32.2410121	115	1	1.06	0.94;
	38	1	155	18	0	0	1	1.19211658	-99.0572109	115	1	1.06	0.94;
	39	1	0	0	0	0	1	0.317668672	23.4251035	345	1	1.06	0.94;
	40	1	46	-21	0	0	1	0.0732558433	-9.85765816	115	1	1.06	0.94;
	41	1	86	0	0	0	1	0.952415555	-56.3449565	115	1	1.06	0.94;
	42	1	0	0	0	0	1	0.164412899	18.6256106	345	1	1.06	0.94;
	43	1	39	9	0	0	1	1.44614041	-146.257912	115	1	1.06	0.94;
	44	1	195	29	0	0	1	0.861757391	7.19880738	115	1	1.06	0.94;
	45	1	0	0	0	0	1	0.857813263	10.6721665	230	1	1.06	0.94;
	46	1	0	0	0	0	1	0.484408487	8.2832608	345	1	1.06	0.94;
	47	1	58	11.8	0	0	1	0.819276292	2.25837901	115	1	1.06	0.94;
	48	1	41	19	0	0	1	0.0482843513	154.41579	115	1	1.06	0.94;
	49	1	92	26	0	0	1	0.793366137	-21.7130076	115	1	1.06	0.94;
	51	1	-5	5	0	0	1	0.723845815	-24.9124885	115	1	1.06	0.94;
	52	1	61	28	0	0	1	0.650941348	-29.7351647	115	1	1.06	0.94;
	53	1	69	3	0	0	1	1.49451492	-159.552305	115	1	1.06	0.94;
	54	1	10	1	0	0	1	1.03590781	51.3380429	115	1	1.06	0.94;
	55	1	22	10	0	0	1	1.04032513	51.8670486	115	1	1.06	0.94;
	57	1	98	20	0	0	1	1.03815171	50.5840202	115	1	1.06	0.94;
	58	1	14	1	0	0	1	0.972030135	48.0297247	115	1	1.06	0.94;
	59	1	218	106	0	0	1	0.95721263	47.2194397	115	1	1.06	0.94;
	60	1	0	0	0	0	1	0.857547381	25.488662	230	1	1.06	0.94;
	61	1	227	110	0	0	1	0.970619274	48.380064	115	1	1.06	0.94;
	62	1	0	0	0	0	1	0.962921998	47.8057633	230	1	1.06	0.94;
	63	2	70	30	0	0	1	0.9583	26.7710133	115	1	1.06	0.94;
	64	1	0	0	0	0	1	0.925029502	32.3242903	230	1	1.06	0.94;
	69	1	0	0	0	0	1	0.816054068	-23.037848	115	1	1.06	0.94;
	70	1	56	20	0	0	1	1.42139117	164.019349	115	1	1.06	0.94;
	71	1	116	38	0	0	1	1.40723277	158.594645	115	1	1.06	0.94;
	72	1	57	19	0	0	1	0.946858205	-16.0052984	115	1	1.06	0.94;
	73	1	224	71	0	0	1	1.77433847	101.7515	115	1	1.06	0.94;
	74	1	0	0	0	0	1	1.73167979	56.6091663	230	1	1.06	0.94;
	76	2	208	107	0	0	1	0.9632	-15.6391772	115	1	1.06	0.94;
	77	1	74	28	0	0	1	0.982432605	-12.4384984	115	1	1.06	0.94;
	78	1	0	0	0	0	1	0.989084251	-11.4506157	115	1	1.06	0.94;
	79	1	48	14	0	0	1	0.982971573	-12.0234406	115	1	1.06	0.94;
	80	1	28	7	0	0	1	0.87926999	-18.3630963	115	1	1.06	0.94;
	81	1	0	0	0	0	1	0.733089458	-6.58550324	345	1	1.06	0.94;
	84	2	37	13	0	0	1	1.025	-4.55722444	115	1	1.06	0.94;
	85	1	0	0	0	0	1	0.591436949	-31.9043693	230	1	1.06	0.94;
	86	1	0	0	0	0	1	0.763328776	-158.472315	230	1	1.06	0.94;
	87	1	0	0	0	0	1	0.978929209	87.8698138	230	1	1.06	0.94;
	88	1	0	0	0	0	1	0.777462587	-8.27541416	230	1	1.06	0.94;
	89	1	44.2	0	0	0	1	1.0306042	-36.6483203	115	1	1.06	0.94;
	90	1	66	0	0	0	1	1.0254255	-167.750626	115	1	1.06	0.94;
	91	2	17.4	0	0	0	1	1.052	-33.8676166	115	1	1.06	0.94;
	92	2	15.8	0	0	0	1	1.052	-161.639521	115	1	1.06	0.94;
	94	1	60.3	0	0	0	1	0.986198437	81.0915856	115	1	1.06	0.94;
	97	1	39.9	0	0	0	1	0.974367347	-37.5791438	115	1	1.06	0.94;
	98	2	66.7	0	0	0	1	1	-38.389669	115	1	1.06	0.94;
	99	1	83.5	0	0	0	1	0.890219846	-153.50724	115	1	1.06	0.94;
	100	1	0	0	0	0	1	0.974367347	-37.5791438	115	1	1.06	0.94;
	102	1	77.8	0	0	0	1	0.8749153	-47.0614292	115	1	1.06	0.94;
	103	1	32	0	0	0	1	1.04525915	-164.041242	115	1	1.06	0.94;
	104	1	8.6	0	0	0	1	0.873924606	-46.719459	115	1	1.06	0.94;
	105	1	49.6	0	0	0	1	0.0829335688	-17.7488084	115	1	1.06	0.94;
	107	1	4.6	0	0	0	1	1.18224502	-95.4622938	115	1	1.06	0.94;
	108	2	112.1	0	0	0	1	0.99	-156.834363	115	1	1.06	0.94;
	109	1	30.7	0	0	0	1	0.896923207	-164.149868	115	1	1.06	0.94;
	110	1	63	0	0	0	1	0.619894259	125.674502	115	1	1.06	0.94;
	112	1	19.6	0	0	0	1	0.661888293	-45.4888257	115	1	1.06	0.94;
	113	1	26.2	0	0	0	1	0.805212126	-0.0969500605	115	1	1.06	0.94;
	114	1	18.2	0	0	0	1	0.933772457	-167.529242	115	1	1.06	0.94;
	115	1	0	0	0	0	1	0.889497612	176.423066	115	2	1.06	0.94;
	116	1	0	0	0	0	1	1.02552843	174.217247	115	2	1.06	0.94;
	117	1	0	0	0	325	1	0.871545069	-171.978413	115	2	1.06	0.94;
	118	1	14.1	650	0	0	1	0.869388309	-171.309631	115	2	1.06	0.94;
	119	2	0	0	0	0	1	1.0435	-162.735397	115	2	1.06	0.94;
	120	1	777	215	0	55	1	0.954084879	-178.442073	115	2	1.06	0.94;
	121	1	535	55	0	0	1	0.958208589	179.120737	115	2	1.06	0.94;
	122	1	229.1	11.8	0	0	1	0.889497612	176.423066	115	2	1.06	0.94;
	123	1	78	1.4	0	0	1	0.989936903	168.135759	115	2	1.06	0.94;
	124	2	276.4	59.3	0	0	1	1.0233	172.8596	115	2	1.06	0.94;
	125	2	514.8	82.7	0	0	1	1.0103	169.481881	115	2	1.06	0.94;
	126	1	57.9	5.1	0	0	1	0.865057395	176.39122	115	2	1.06	0.94;
	127	1	380.8	37	0	0	1	0.868907784	-89.1181729	230	2	1.06	0.94;
	128	1	0	0	0	0	1	0.839400029	-79.2233802	230	2	1.06	0.94;
	129	1	0	0	0	0	1	0.929800373	-90.6147554	230	2	1.06	0.94;
	130	1	0	0	0	0	1	0.840633206	-65.550767	230	2	1.06	0.94;
	131	1	0	0	0	0	1	0.798929107	-65.550767	230	2	1.06	0.94;
	132	1	0	0	0	0	1	0.739965882	-73.6401823	230	2	1.06	0.94;
	133	1	0	0	0	0	1	0.974541143	-95.881845	230	2	1.06	0.94;
	134	1	0	0	0	0	1	0.927466558	-85.4596945	230	2	1.06	0.94;
	135	1	169.2	41.6	0	0	1	0.925744969	-83.1637175	230	2	1.06	0.94;
	136	1	55.2	18.2	0	0	1	0.986463347	-72.1320684	230	2	1.06	0.94;
	137	1	273.6	99.8	0	0	1	1.00981469	-93.7241796	230	2	1.06	0.94;
	138	2	1019.2	135.2	0	0	1	1.055	-102.984288	230	2	1.06	0.94;
	139	1	595	83.3	0	0	1	0.994254347	-97.5126952	115	2	1.06	0.94;
	140	1	387.7	114.7	0	0	1	1.00576373	-97.5304839	230	2	1.06	0.94;
	141	2	145	58	0	0	1	1.051	-100.625196	230	2	1.06	0.94;
	142	1	56.5	24.5	0	0	1	0.940236845	58.5017463	230	2	1.06	0.94;
	143	2	89.5	35.5	0	0	1	1.0435	65.838347	230	2	1.06	0.94;
	144	1	0	0	0	0	1	0.966088541	49.2440625	230	2	1.06	0.94;
	145	1	24	14	0	0	1	0.966137131	71.260186	230	2	1.06	0.94;
	146	2	0	0	0	0	1	1.0528	80.5217788	230	2	1.06	0.94;
	147	2	0	0	0	0	1	1.0528	86.2619185	230	2	1.06	0.94;
	148	1	63	25	0	0	1	1.07658107	63.2335076	230	2	1.06	0.94;
	149	2	0	0	0	0	1	1.0735	79.065798	230	2	1.06	0.94;
	150	1	0	0	0	0	1	0.777790541	-58.1778863	230	2	1.06	0.94;
	151	1	0	0	0	0	1	0.870789793	-69.3669683	230	2	1.06	0.94;
	152	2	17	9	0	0	1	1.0535	-64.9464601	230	2	1.06	0.94;
	153	2	0	0	0	0	1	1.0435	-79.5824306	230	2	1.06	0.94;
	154	1	70	5	0	34.5	1	0.965985336	-98.628612	115	2	1.06	0.94;
	155	1	200	50	0	0	1	0.969570745	-82.6033695	230	2	1.06	0.94;
