converged
function mpc = case57_tree

%% MATPOWER Case Format : Version 2
mpc.version = '2';

%%-----  Power Flow Data  -----%%
%% system MVA base
mpc.baseMVA = 1;

%% bus data
%	bus_i	type	Pd	Qd	Gs	Bs	area	Vm	Va	baseKV	zone	Vmax	Vmin
mpc.bus = [
	1	3	55	17	0	0	1	1.04	0	0	1	1.06	0.94;
	2	2	3	88	0	0	1	1.01	-0.359812537	0	1	1.06	0.94;
	3	2	41	21	0	0	1	0.985	-2.48199747	0	1	1.06	0.94;
	4	1	0	0	0	0	1	0.975317586	-3.41314083	0	1	1.06	0.94;
	5	1	13	4	0	0	1	0.961253	-4.30910479	0	1	1.06	0.94;
	6	2	75	2	0	0	1	0.98	-40.9898597	0	1	1.06	0.94;
	7	1	0	0	0	0	1	0.968558686	-36.2104888	0	1	1.06	0.94;
	8	2	150	22	0	0	1	1.005	-33.307439	0	1	1.06	0.94;
	9	2	121	26	0	0	1	0.98	-37.4583065	0	1	1.06	0.94;
	10	1	5	2	0	0	1	0.976326651	-36.1788428	0	1	1.06	0.94;
	11	1	0	0	0	0	1	0.959963331	-38.4385739	0	1	1.06	0.94;
	12	2	377	24	0	0	1	1.015	-32.3044423	0	1	1.06	0.94;
	13	1	18	2.3	0	0	1	1.00181726	-33.3664747	0	1	1.06	0.94;
	14	1	10.5	5.3	0	0	1	0.942551602	-6.74389517	0	1	1.06	0.94;
	15	1	22	5	0	0	1	0.960700583	-5.54242149	0	1	1.06	0.94;
	16	1	43	3	0	0	1	1.0109932	-4.75824177	0	1	1.06	0.94;
	17	1	42	8	0	0	1	0.980618957	-13.4600234	0	1	1.06	0.94;
	18	1	27.2	9.8	0	10	1	0.977163306	-11.7862401	0	1	1.06	0.94;
	19	1	3.3	0.6	0	0	1	0.937020635	-13.7251725	0	1	1.06	0.94;
	20	1	2.3	1	0	0	1	0.925263443	-14.1978234	0	1	1.06	0.94;
	21	1	0	0	0	0	1	0.87959584	-13.4403161	0	1	1.06	0.94;
	22	1	0	0	0	0	1	0.87959584	-13.4403161	0	1	1.06	0.94;
	23	1	6.3	2.1	0	0	1	0.878522146	-13.4959033	0	1	1.06	0.94;
	24	1	0	0	0	0	1	0.893338205	-43.1561948	0	1	1.06	0.94;
	25	1	6.3	3.2	0	5.9	1	0.780513655	-59.1639498	0	1	1.06	0.94;
	26	1	0	0	0	0	1	0.862527349	-42.5594219	0	1	1.06	0.94;
	27	1	9.3	0.5	0	0	1	0.926604384	-40.9053376	0	1	1.06	0.94;
	28	1	4.6	2.3	0	0	1	0.957672607	-39.7915296	0	1	1.06	0.94;
	29	1	17	2.6	0	0	1	0.981457993	-39.0703757	0	1	1.06	0.94;
	30	1	3.6	1.8	0	0	1	0.749066391	-60.4020057	0	1	1.06	0.94;
	31	1	5.8	2.9	0	0	1	0.701024645	-62.5161861	0	1	1.06	0.94;
	32	1	1.6	0.8	0	0	1	0.821097579	-19.1521149	0	1	1.06	0.94;
	33	1	3.8	1.9	0	0	1	0.818441447	-19.2052483	0	1	1.06	0.94;
	34	1	0	0	0	0	1	0.833485707	-14.9394099	0	1	1.06	0.94;
	35	1	6	3	0	0	1	0.839887006	-14.7313498	0	1	1.06	0.94;
	36	1	0	0	0	0	1	0.849764075	-14.4546638	0	1	1.06	0.94;
	37	1	0	0	0	0	1	0.856465401	-14.2681867	0	1	1.06	0.94;
	38	1	14	7	0	0	1	0.881681017	-13.3327981	0	1	1.06	0.94;
	39	1	0	0	0	0	1	0.853271818	-14.4118296	0	1	1.06	0.94;
	40	1	0	0	0	0	1	0.849764075	-14.4546638	0	1	1.06	0.94;
	41	1	6.3	3	0	0	1	0.928604292	-46.1780536	0	1	1.06	0.94;
	42	1	7.1	4.4	0	0	1	0.894696883	-47.2735283	0	1	1.06	0.94;
	43	1	2	1	0	0	1	0.979313166	-40.5510748	0	1	1.06	0.94;
	44	1	12	1.8	0	0	1	0.907416156	-12.094832	0	1	1.06	0.94;
	45	1	0	0	0	0	1	0.975237487	-8.83878771	0	1	1.06	0.94;
	46	1	0	0	0	0	1	1.03838777	-7.9027347	0	1	1.06	0.94;
	47	1	29.7	11.6	0	0	1	1.0238708	-8.84738258	0	1	1.06	0.94;
	48	1	0	0	0	0	1	0.881681017	-13.3327981	0	1	1.06	0.94;
	49	1	18	8.5	0	0	1	1.10421301	-34.9603934	0	1	1.06	0.94;
	50	1	21	10.5	0	0	1	0.984217984	-39.4444652	0	1	1.06	0.94;
	51	1	18	5.3	0	0	1	1.03775938	-37.6688996	0	1	1.06	0.94;
	52	1	4.9	2.2	0	0	1	0.92600218	-41.3652975	0	1	1.06	0.94;
	53	1	20	10	0	6.3	1	0.903682306	-42.4595262	0	1	1.06	0.94;
	54	1	4.1	1.4	0	0	1	1.02682512	-38.5257441	0	1	1.06	0.94;
	55	1	6.8	3.4	0	0	1	1.0368505	-38.1564735	0	1	1.06	0.94;
	56	1	7.6	2.2	0	0	1	0.865458904	-48.2858007	0	1	1.06	0.94;
	57	1	6.7	2	0	0	1	0.8312046	-21.6181421	0	1	1.06	0.94;
];

%% generator data
%	bus	Pg	Qg	Qmax	Qmin	Vg	mBase	status	Pmax	Pmin	Pc1	Pc2	Qc1min	Qc1max	Qc2min	Qc2max	ramp_agc	ramp_10	ramp_30	ramp_q	apf
mpc.gen = [
	1	498.12975	225.150753	200	-140	1.04	100	1	575.88	0	0	0	0	0	0	0	0	0	0	0	0;
	2	0	8.65131951	50	-17	1.01	100	1	100	0	0	0	0	0	0	0	0	0	0	0	0;
	3	40	21.6552337	60	-10	0.985	100	1	140	0	0	0	0	0	0	0	0	0	0	0	0;
	6	0	7.64462661	25	-8	0.98	100	1	100	0	0	0	0	0	0	0	0	0	0	0	0;
	8	450	90.9505956	200	-140	1.005	100	1	550	0	0	0	0	0	0	0	0	0	0	0	0;
	9	0	36.763612	9	-3	0.98	100	1	100	0	0	0	0	0	0	0	0	0	0	0	0;
	12	310	141.476157	155	-150	1.015	100	1	410	0	0	0	0	0	0	0	0	0	0	0	0;
];

%% branch data
%	fbus	tbus	r	x	b	rateA	rateB	rateC	ratio	angle	status	angmin	angmax	Pf	Qf	Pt	Qt
