converged
function mpc = case39_tree

%% MATPOWER Case Format : Version 2
mpc.version = '2';

%%-----  Power Flow Data  -----%%
%% system MVA base
mpc.baseMVA = 1;

%% bus data
%	bus_i	type	Pd	Qd	Gs	Bs	area	Vm	Va	baseKV	zone	Vmax	Vmin
mpc.bus = [
	1	1	97.6	44.2	0	0	2	1.01616149	-22.9251164	345	1	1.06	0.94;
	2	1	0	0	0	0	2	1.02040878	-18.3097909	345	1	1.06	0.94;
	3	1	322	2.4	0	0	2	0.990756799	-20.4275017	345	1	1.06	0.94;
	4	1	500	184	0	0	1	0.956183794	-19.5224571	345	1	1.06	0.94;
	5	1	0	0	0	0	1	0.9729224	-11.7195665	345	1	1.06	0.94;
	6	1	0	0	0	0	1	0.978059074	-10.9057651	345	1	1.06	0.94;
	7	1	233.8	84	0	0	1	0.968389662	-12.1765677	345	1	1.06	0.94;
	8	1	522	176.6	0	0	1	0.953441708	-15.3235534	345	1	1.06	0.94;
	9	1	6.5	-66.6	0	0	1	0.97800017	-15.5626567	345	1	1.06	0.94;
	10	1	0	0	0	0	1	0.987083615	-10.3032991	345	1	1.06	0.94;
	11	1	0	0	0	0	1	0.983947878	-10.5084876	345	1	1.06	0.94;
	12	1	8.53	88	0	0	1	0.942139656	-11.8442851	345	1	1.06	0.94;
	13	1	0	0	0	0	1	0.97754406	-11.7001803	345	1	1.06	0.94;
	14	1	0	0	0	0	1	0.967279463	-15.0507929	345	1	1.06	0.94;
	15	1	320	153	0	0	3	0.975785511	-14.9170087	345	1	1.06	0.94;
	16	1	329	32.3	0	0	3	0.997639674	-13.173823	345	1	1.06	0.94;
	17	1	0	0	0	0	2	0.993546509	-13.9746301	345	1	1.06	0.94;
	18	1	158	30	0	0	2	0.989860537	-14.7172156	345	1	1.06	0.94;
	19	1	0	0	0	0	3	1.036144	-8.42573088	345	1	1.06	0.94;
	20	1	680	103	0	0	3	0.983390237	-9.8846432	345	1	1.06	0.94;
	21	1	274	115	0	0	3	1.0063242	-10.3265588	345	1	1.06	0.94;
	22	1	0	0	0	0	3	1.03846247	-5.4315665	345	1	1.06	0.94;
	23	1	247.5	84.6	0	0	3	1.01759143	-7.11874958	345	1	1.06	0.94;
	24	1	308.6	-92.2	0	0	3	1.00335778	-13.1897204	345	1	1.06	0.94;
	25	1	224	47.2	0	0	2	1.02629878	-16.8711816	345	1	1.06	0.94;
	26	1	139	17	0	0	2	0.984484079	-18.3680354	345	1	1.06	0.94;
	27	1	281	75.5	0	0	2	0.968077533	-20.7885007	345	1	1.06	0.94;
	28	1	206	27.6	0	0	3	1.01048611	-8.23950893	345	1	1.06	0.94;
	29	1	283.5	26.9	0	0	3	1.01791861	-6.52807803	345	1	1.06	0.94;
	30	2	0	0	0	0	2	1.0499	-15.8284941	345	1	1.06	0.94;
	31	3	9.2	4.6	0	0	1	0.982	0	345	1	1.06	0.94;
	32	2	0	0	0	0	1	0.9841	-2.07041308	345	1	1.06	0.94;
	33	2	0	0	0	0	3	0.9972	-3.17654244	345	1	1.06	0.94;
	34	2	0	0	0	0	3	1.0123	-4.67653689	345	1	1.06	0.94;
	35	2	0	0	0	0	3	1.0494	-0.416013474	345	1	1.06	0.94;
	36	2	0	0	0	0	3	1.0636	0.91590182	345	1	1.06	0.94;
	37	2	0	0	0	0	2	1.0275	-9.92213619	345	1	1.06	0.94;
	38	2	0	0	0	0	3	1.0265	0.665386627	345	1	1.06	0.94;
	39	2	1104	250	0	0	1	1.03	-24.3828023	345	1	1.06	0.94;
];

%% generator data
%	bus	Pg	Qg	Qmax	Qmin	Vg	mBase	status	Pmax	Pmin	Pc1	Pc2	Qc1min	Qc1max	Qc2min	Qc2max	ramp_agc	ramp_10	ramp_30	ramp_q	apf
mpc.gen = [
	30	250	320.843849	400	140	1.0499	100	1	1040	0	0	0	0	0	0	0	0	0	0	0	0;
	31	688.498588	336.258972	300	-100	0.982	100	1	646	0	0	0	0	0	0	0	0	0	0	0	0;
	32	650	349.843265	300	150	0.9841	100	1	725	0	0	0	0	0	0	0	0	0	0	0	0;
	33	632	199.901965	250	0	0.9972	100	1	652	0	0	0	0	0	0	0	0	0	0	0	0;
	34	508	209.144173	167	0	1.0123	100	1	508	0	0	0	0	0	0	0	0	0	0	0	0;
	35	650	294.603785	300	-100	1.0494	100	1	687	0	0	0	0	0	0	0	0	0	0	0	0;
	36	560	208.672695	240	0	1.0636	100	1	580	0	0	0	0	0	0	0	0	0	0	0	0;
	37	540	134.791953	250	0	1.0275	100	1	564	0	0	0	0	0	0	0	0	0	0	0	0;
	38	830	228.703713	300	-150	1.0265	100	1	865	0	0	0	0	0	0	0	0	0	0	0	0;
	39	1000	312.529501	300	-100	1.03	100	1	1100	0	0	0	0	0	0	0	0	0	0	0	0;
];

%% branch data
%	fbus	tbus	r	x	b	rateA	rateB	rateC	ratio	angle	status	angmin	angmax	Pf	Qf	Pt	Qt
mpc.branch = [
	1	2	3.5e-05	0.000411	0	600	600	600	0	0	1	-360	360	-201.7388	14.8593	203.1258	1.4278;
	1	39	1e-05	0.00025	0	1000	1000	1000	0	0	1	-360	360	104.1388	-59.0593	-104.0000	62.5295;
	2	3	1.3e-05	0.000151	0	500	500	500	0	0	1	-360	360	263.1002	182.3001	-261.8211	-167.4420;
	2	25	7e-05	8.6e-05	0	500	500	500	0	0	1	-360	360	-216.2260	109.9500	220.1819	-105.0899;
	2	30	0	0.000181	0	900	900	2500	1.025	0	1	-360	360	-250.0000	-293.6779	250.0000	320.8438;
	3	4	1.3e-05	0.000213	0	500	500	500	0	0	1	-360	360	-60.1789	165.0420	60.5876	-158.3455;
	4	14	8e-06	0.000129	0	500	500	500	0	0	1	-360	360	-560.5876	-25.6545	563.3431	70.0871;
	5	6	2e-06	2.6e-05	0	1200	1200	1200	0	0	1	-360	360	-531.1765	-147.6634	531.8187	156.0122;
	5	8	8e-06	0.000112	0	900	900	900	0	0	1	-360	360	531.1765	147.6634	-528.6077	-111.6994;
	6	7	6e-06	9.2e-05	0	900	900	900	0	0	1	-360	360	234.1949	90.0548	-233.8000	-84.0000;
	6	11	7e-06	8.2e-05	0	480	480	480	0	0	1	-360	360	-86.7150	-62.5544	86.7987	63.5344;
	6	31	0	0.00025	0	1800	1800	1800	1.07	0	1	-360	360	-679.2986	-183.5126	679.2986	331.6590;
	8	9	2.3e-05	0.000363	0	900	900	900	0	0	1	-360	360	6.6077	-64.9006	-6.5000	66.6000;
	10	11	4e-06	4.3e-05	0	600	600	600	0	0	1	-360	360	86.8465	64.0483	-86.7987	-63.5344;
	10	13	4e-06	4.3e-05	0	600	600	600	0	0	1	-360	360	563.1535	173.2670	-561.7283	-157.9457;
	10	32	0	0.0002	0	900	900	2500	1.07	0	1	-360	360	-650.0000	-237.3153	650.0000	349.8433;
	12	13	1.6e-05	0.000435	0	500	500	500	1.006	0	1	-360	360	-8.5300	-88.0000	8.6726	91.8769;
	13	14	9e-06	0.000101	0	600	600	600	0	0	1	-360	360	553.0557	66.0688	-550.1338	-33.2789;
	14	15	1.8e-05	0.000217	0	600	600	600	0	0	1	-360	360	-13.2094	-36.8082	13.2388	37.1629;
	15	16	9e-06	9.4e-05	0	600	600	600	0	0	1	-360	360	-333.2388	-190.1629	334.6302	204.6960;
	16	17	7e-06	8.9e-05	0	600	600	600	0	0	1	-360	360	158.3696	34.5138	-158.1848	-32.1645;
	16	19	1.6e-05	0.000195	0	600	600	2500	0	0	1	-360	360	-450.4301	-141.8419	454.0151	185.5342;
	16	21	8e-06	0.000135	0	600	600	600	0	0	1	-360	360	-371.3613	-32.9908	372.4785	51.8444;
	16	24	3e-06	5.9e-05	0	600	600	600	0	0	1	-360	360	-0.2084	-96.6770	0.2366	97.2311;
	17	18	7e-06	8.2e-05	0	600	600	600	0	0	1	-360	360	158.1848	32.1645	-158.0000	-30.0000;
	19	20	7e-06	0.000138	0	900	900	2500	1.06	0	1	-360	360	174.8919	-48.3757	-174.6506	53.1314;
	19	33	7e-06	0.000142	0	900	900	2500	1.07	0	1	-360	360	-628.9070	-137.1585	632.0000	199.9020;
	20	34	9e-06	0.00018	0	900	900	2500	1.009	0	1	-360	360	-505.3494	-156.1314	508.0000	209.1442;
	21	22	8e-06	0.00014	0	900	900	900	0	0	1	-360	360	-646.4785	-166.8444	650.0000	228.4705;
	22	35	0	0.000143	0	900	900	2500	1.025	0	1	-360	360	-650.0000	-228.4705	650.0000	294.6038;
	23	24	2.2e-05	0.00035	0	600	600	600	0	0	1	-360	360	310.9215	38.1998	-308.8366	-5.0311;
	23	36	5e-06	0.000272	0	900	900	2500	1	0	1	-360	360	-558.4215	-122.7998	560.0000	208.6727;
	25	26	3.2e-05	0.000323	0	600	600	600	0	0	1	-360	360	94.0576	124.6109	-93.3171	-117.1362;
	25	37	6e-06	0.000232	0	900	900	2500	1.025	0	1	-360	360	-538.2395	-66.7210	540.0000	134.7920;
	26	27	1.4e-05	0.000147	0	600	600	600	0	0	1	-360	360	282.2647	88.7795	-281.0000	-75.5000;
	26	29	5.7e-05	0.000625	0	600	600	600	0	0	1	-360	360	-327.9476	11.3567	334.2803	58.0805;
	28	29	1.4e-05	0.000151	0	600	600	600	0	0	1	-360	360	-206.0000	-27.6000	206.5923	33.9882;
	29	38	8e-06	0.000156	0	1200	1200	2500	1.025	0	1	-360	360	-824.3726	-118.9687	830.0000	228.7037;
];

%%-----  OPF Data  -----%%
%% generator cost data
%	1	startup	shutdown	n	x1	y1	...	xn	yn
%	2	startup	shutdown	n	c(n-1)	...	c0
mpc.gencost = [
	2	0	0	3	0.01	0.3	0.2;
	2	0	0	3	0.01	0.3	0.2;
	2	0	0	3	0.01	0.3	0.2;
	2	0	0	3	0.01	0.3	0.2;
	2	0	0	3	0.01	0.3	0.2;
	2	0	0	3	0.01	0.3	0.2;
	2	0	0	3	0.01	0.3	0.2;
	2	0	0	3	0.01	0.3	0.2;
	2	0	0	3	0.01	0.3	0.2;
	2	0	0	3	0.01	0.3	0.2;
];
