function mpc = case57_tree

%% MATPOWER Case Format : Version 2
mpc.version = '2';

%%-----  Power Flow Data  -----%%
%% system MVA base
mpc.baseMVA = 1;

%% bus data
%	bus_i	type	Pd	Qd	Gs	Bs	area	Vm	Va	baseKV	zone	Vmax	Vmin
mpc.bus = [
	1	3	55	17	0	0	1	1.04	0	0	1	1.06	0.94;
	2	2	3	88	0	0	1	1.01	-1.18	0	1	1.06	0.94;
	3	2	41	21	0	0	1	0.985	-5.97	0	1	1.06	0.94;
	4	1	0	0	0	0	1	0.981	-7.32	0	1	1.06	0.94;
	5	1	13	4	0	0	1	0.976	-8.52	0	1	1.06	0.94;
	6	2	75	2	0	0	1	0.98	-8.65	0	1	1.06	0.94;
	7	1	0	0	0	0	1	0.984	-7.58	0	1	1.06	0.94;
	8	2	150	22	0	0	1	1.005	-4.45	0	1	1.06	0.94;
	9	2	121	26	0	0	1	0.98	-9.56	0	1	1.06	0.94;
	10	1	5	2	0	0	1	0.986	-11.43	0	1	1.06	0.94;
	11	1	0	0	0	0	1	0.974	-10.17	0	1	1.06	0.94;
	12	2	377	24	0	0	1	1.015	-10.46	0	1	1.06	0.94;
	13	1	18	2.3	0	0	1	0.979	-9.79	0	1	1.06	0.94;
	14	1	10.5	5.3	0	0	1	0.97	-9.33	0	1	1.06	0.94;
	15	1	22	5	0	0	1	0.988	-7.18	0	1	1.06	0.94;
	16	1	43	3	0	0	1	1.013	-8.85	0	1	1.06	0.94;
	17	1	42	8	0	0	1	1.017	-5.39	0	1	1.06	0.94;
	18	1	27.2	9.8	0	10	1	1.001	-11.71	0	1	1.06	0.94;
	19	1	3.3	0.6	0	0	1	0.97	-13.2	0	1	1.06	0.94;
	20	1	2.3	1	0	0	1	0.964	-13.41	0	1	1.06	0.94;
	21	1	0	0	0	0	1	1.008	-12.89	0	1	1.06	0.94;
	22	1	0	0	0	0	1	1.01	-12.84	0	1	1.06	0.94;
	23	1	6.3	2.1	0	0	1	1.008	-12.91	0	1	1.06	0.94;
	24	1	0	0	0	0	1	0.999	-13.25	0	1	1.06	0.94;
	25	1	6.3	3.2	0	5.9	1	0.982	-18.13	0	1	1.06	0.94;
	26	1	0	0	0	0	1	0.959	-12.95	0	1	1.06	0.94;
	27	1	9.3	0.5	0	0	1	0.982	-11.48	0	1	1.06	0.94;
	28	1	4.6	2.3	0	0	1	0.997	-10.45	0	1	1.06	0.94;
	29	1	17	2.6	0	0	1	1.01	-9.75	0	1	1.06	0.94;
	30	1	3.6	1.8	0	0	1	0.962	-18.68	0	1	1.06	0.94;
	31	1	5.8	2.9	0	0	1	0.936	-19.34	0	1	1.06	0.94;
	32	1	1.6	0.8	0	0	1	0.949	-18.46	0	1	1.06	0.94;
	33	1	3.8	1.9	0	0	1	0.947	-18.5	0	1	1.06	0.94;
	34	1	0	0	0	0	1	0.959	-14.1	0	1	1.06	0.94;
	35	1	6	3	0	0	1	0.966	-13.86	0	1	1.06	0.94;
	36	1	0	0	0	0	1	0.976	-13.59	0	1	1.06	0.94;
	37	1	0	0	0	0	1	0.985	-13.41	0	1	1.06	0.94;
	38	1	14	7	0	0	1	1.013	-12.71	0	1	1.06	0.94;
	39	1	0	0	0	0	1	0.983	-13.46	0	1	1.06	0.94;
	40	1	0	0	0	0	1	0.973	-13.62	0	1	1.06	0.94;
	41	1	6.3	3	0	0	1	0.996	-14.05	0	1	1.06	0.94;
	42	1	7.1	4.4	0	0	1	0.966	-15.5	0	1	1.06	0.94;
	43	1	2	1	0	0	1	1.01	-11.33	0	1	1.06	0.94;
	44	1	12	1.8	0	0	1	1.017	-11.86	0	1	1.06	0.94;
	45	1	0	0	0	0	1	1.036	-9.25	0	1	1.06	0.94;
	46	1	0	0	0	0	1	1.05	-11.89	0	1	1.06	0.94;
	47	1	29.7	11.6	0	0	1	1.033	-12.49	0	1	1.06	0.94;
	48	1	0	0	0	0	1	1.027	-12.59	0	1	1.06	0.94;
	49	1	18	8.5	0	0	1	1.036	-12.92	0	1	1.06	0.94;
	50	1	21	10.5	0	0	1	1.023	-13.39	0	1	1.06	0.94;
	51	1	18	5.3	0	0	1	1.052	-12.52	0	1	1.06	0.94;
	52	1	4.9	2.2	0	0	1	0.98	-11.47	0	1	1.06	0.94;
	53	1	20	10	0	6.3	1	0.971	-12.23	0	1	1.06	0.94;
	54	1	4.1	1.4	0	0	1	0.996	-11.69	0	1	1.06	0.94;
	55	1	6.8	3.4	0	0	1	1.031	-10.78	0	1	1.06	0.94;
	56	1	7.6	2.2	0	0	1	0.968	-16.04	0	1	1.06	0.94;
	57	1	6.7	2	0	0	1	0.965	-16.56	0	1	1.06	0.94;
];

%% generator data
%	bus	Pg	Qg	Qmax	Qmin	Vg	mBase	status	Pmax	Pmin	Pc1	Pc2	Qc1min	Qc1max	Qc2min	Qc2max	ramp_agc	ramp_10	ramp_30	ramp_q	apf
mpc.gen = [
	1	128.9	-16.1	200	-140	1.04	100	1	575.88	0	0	0	0	0	0	0	0	0	0	0	0;
	2	0	-0.8	50	-17	1.01	100	1	100	0	0	0	0	0	0	0	0	0	0	0	0;
	3	40	-1	60	-10	0.985	100	1	140	0	0	0	0	0	0	0	0	0	0	0	0;
	6	0	0.8	25	-8	0.98	100	1	100	0	0	0	0	0	0	0	0	0	0	0	0;
	8	450	62.1	200	-140	1.005	100	1	550	0	0	0	0	0	0	0	0	0	0	0	0;
	9	0	2.2	9	-3	0.98	100	1	100	0	0	0	0	0	0	0	0	0	0	0	0;
	12	310	128.5	155	-150	1.015	100	1	410	0	0	0	0	0	0	0	0	0	0	0	0;
];

%% branch data
%	fbus	tbus	r	x	b	rateA	rateB	rateC	ratio	angle	status	angmin	angmax
mpc.branch = [
	1	2	8.3e-05	0.00028	0	9900	0	0	0	0	1	-360	360;
	1	15	0.000178	0.00091	0	9900	0	0	0	0	1	-360	360;
	1	16	0.000454	0.00206	0	9900	0	0	0	0	1	-360	360;
	1	17	0.000238	0.00108	0	9900	0	0	0	0	1	-360	360;
	2	3	0.000298	0.00085	0	9900	0	0	0	0	1	-360	360;
	3	4	0.000112	0.000366	0	9900	0	0	0	0	1	-360	360;
	4	5	0.000625	0.00132	0	9900	0	0	0	0	1	-360	360;
	4	18	0	0.0043	0	9900	0	0	0.978	0	1	-360	360;
	6	8	0.000339	0.00173	0	9900	0	0	0	0	1	-360	360;
	7	8	0.000139	0.000712	0	9900	0	0	0	0	1	-360	360;
	7	29	0	0.000648	0	9900	0	0	0.967	0	1	-360	360;
	8	9	9.9e-05	0.000505	0	9900	0	0	0	0	1	-360	360;
	9	10	0.000369	0.001679	0	9900	0	0	0	0	1	-360	360;
	9	11	0.000258	0.000848	0	9900	0	0	0	0	1	-360	360;
	9	55	0	0.001205	0	9900	0	0	0.94	0	1	-360	360;
	10	12	0.000277	0.001262	0	9900	0	0	0	0	1	-360	360;
	10	51	0	0.000712	0	9900	0	0	0.93	0	1	-360	360;
	11	43	0	0.00153	0	9900	0	0	0.958	0	1	-360	360;
	12	13	0.000178	0.00058	0	9900	0	0	0	0	1	-360	360;
	12	17	0.000397	0.00179	0	9900	0	0	0	0	1	-360	360;
	13	49	0	0.00191	0	9900	0	0	0.895	0	1	-360	360;
	14	15	0.000171	0.000547	0	9900	0	0	0	0	1	-360	360;
	14	46	0	0.000735	0	9900	0	0	0.9	0	1	-360	360;
	15	45	0	0.001042	0	9900	0	0	0.955	0	1	-360	360;
	18	19	0.00461	0.00685	0	9900	0	0	0	0	1	-360	360;
	19	20	0.00283	0.00434	0	9900	0	0	0	0	1	-360	360;
	21	22	0.000736	0.00117	0	9900	0	0	0	0	1	-360	360;
	22	23	9.9e-05	0.000152	0	9900	0	0	0	0	1	-360	360;
	22	38	0.000192	0.000295	0	9900	0	0	0	0	1	-360	360;
	24	25	0	0.01182	0	9900	0	0	1	0	1	-360	360;
	24	26	0	0.000473	0	9900	0	0	1.043	0	1	-360	360;
	25	30	0.00135	0.00202	0	9900	0	0	0	0	1	-360	360;
	26	27	0.00165	0.00254	0	9900	0	0	0	0	1	-360	360;
	27	28	0.000618	0.000954	0	9900	0	0	0	0	1	-360	360;
	28	29	0.000418	0.000587	0	9900	0	0	0	0	1	-360	360;
	29	52	0.001442	0.00187	0	9900	0	0	0	0	1	-360	360;
	30	31	0.00326	0.00497	0	9900	0	0	0	0	1	-360	360;
	32	33	0.000392	0.00036	0	9900	0	0	0	0	1	-360	360;
	34	32	0	0.00953	0	9900	0	0	0.975	0	1	-360	360;
	34	35	0.00052	0.00078	0	9900	0	0	0	0	1	-360	360;
	35	36	0.00043	0.000537	0	9900	0	0	0	0	1	-360	360;
	36	37	0.00029	0.000366	0	9900	0	0	0	0	1	-360	360;
	36	40	0.0003	0.000466	0	9900	0	0	0	0	1	-360	360;
	37	38	0.000651	0.001009	0	9900	0	0	0	0	1	-360	360;
	37	39	0.000239	0.000379	0	9900	0	0	0	0	1	-360	360;
	38	44	0.000289	0.000585	0	9900	0	0	0	0	1	-360	360;
	38	48	0.000312	0.000482	0	9900	0	0	0	0	1	-360	360;
	39	57	0	0.01355	0	9900	0	0	0.98	0	1	-360	360;
	41	42	0.00207	0.00352	0	9900	0	0	0	0	1	-360	360;
	41	43	0	0.00412	0	9900	0	0	0	0	1	-360	360;
	56	41	0.00553	0.00549	0	9900	0	0	0	0	1	-360	360;
	44	45	0.000624	0.001242	0	9900	0	0	0	0	1	-360	360;
	46	47	0.00023	0.00068	0	9900	0	0	0	0	1	-360	360;
	50	51	0.001386	0.0022	0	9900	0	0	0	0	1	-360	360;
	52	53	0.000762	0.000984	0	9900	0	0	0	0	1	-360	360;
	54	55	0.001732	0.002265	0	9900	0	0	0	0	1	-360	360;
];

%%-----  OPF Data  -----%%
%% generator cost data
%	1	startup	shutdown	n	x1	y1	...	xn	yn
%	2	startup	shutdown	n	c(n-1)	...	c0
mpc.gencost = [
	2	0	0	3	0.0775795	20	0;
	2	0	0	3	0.01	40	0;
	2	0	0	3	0.25	20	0;
	2	0	0	3	0.01	40	0;
	2	0	0	3	0.0222222	20	0;
	2	0	0	3	0.01	40	0;
	2	0	0	3	0.0322581	20	0;
];
